0 0.112500 0.192188 0.221875 0.209375
0 0.233594 0.308594 0.023438 0.020313
0 0.292187 0.360938 0.090625 0.084375
0 0.346875 0.409375 0.018750 0.018750
0 0.373437 0.432031 0.021875 0.020313
0 0.358594 0.420312 0.007812 0.006250
0 0.463281 0.471094 0.157812 0.057813
0 0.546094 0.497656 0.010937 0.010937
0 0.576562 0.482812 0.009375 0.009375
0 0.560156 0.487500 0.026562 0.015625
0 0.650781 0.447656 0.014063 0.010937
0 0.614062 0.463281 0.071875 0.032813
0 0.675000 0.421094 0.050000 0.051562
0 0.702344 0.396875 0.010937 0.009375
0 0.725781 0.375000 0.048438 0.040625
0 0.750000 0.354687 0.009375 0.009375
0 0.762500 0.341406 0.025000 0.026562
0 0.799219 0.300781 0.051562 0.057813
0 0.845313 0.249219 0.043750 0.048438
0 0.925781 0.158594 0.117188 0.132812
0 0.991406 0.085938 0.017188 0.021875